# =====================================================
# WRITE = AIR (0)
# =====================================================

# Air <- Air
0 0 0 0 0
0 0 0 0 0
0 0 0 0 0
0 0 0 0 0
0 0 0 0 0

0 0 0 0 0
0 0 0 0 0
0 0 0 0 0
0 0 0 0 0
0 0 0 0 0

0 0 0 0 0
0 0 0 0 0
0 0 0 0 0
0 0 0 0 0
0 0 0 0 0

0 0 0 0 0
0 0 0 0 0
0 0 0 0 0
0 0 0 0 0
0 0 0 0 0

0 0 0 0 0
0 0 0 0 0
0 0 0 0 0
0 0 0 0 0
0 0 0 0 0

# Air <- Core
-0.05 -0.05 -0.05 -0.05 -0.05
-0.05 -0.10 -0.10 -0.10 -0.05
-0.05 -0.10 -0.15 -0.10 -0.05
-0.05 -0.10 -0.10 -0.10 -0.05
-0.05 -0.05 -0.05 -0.05 -0.05

-0.05 -0.05 -0.05 -0.05 -0.05
-0.05 -0.10 -0.10 -0.10 -0.05
-0.05 -0.10 -0.15 -0.10 -0.05
-0.05 -0.10 -0.10 -0.10 -0.05
-0.05 -0.05 -0.05 -0.05 -0.05

-0.05 -0.05 -0.05 -0.05 -0.05
-0.05 -0.10 -0.10 -0.10 -0.05
-0.05 -0.10 -0.15 -0.10 -0.05
-0.05 -0.10 -0.10 -0.10 -0.05
-0.05 -0.05 -0.05 -0.05 -0.05

-0.05 -0.05 -0.05 -0.05 -0.05
-0.05 -0.10 -0.10 -0.10 -0.05
-0.05 -0.10 -0.15 -0.10 -0.05
-0.05 -0.10 -0.10 -0.10 -0.05
-0.05 -0.05 -0.05 -0.05 -0.05

-0.05 -0.05 -0.05 -0.05 -0.05
-0.05 -0.10 -0.10 -0.10 -0.05
-0.05 -0.10 -0.15 -0.10 -0.05
-0.05 -0.10 -0.10 -0.10 -0.05
-0.05 -0.05 -0.05 -0.05 -0.05

# Air <- Leaf
-0.08 -0.08 -0.08 -0.08 -0.08
-0.08 -0.12 -0.12 -0.12 -0.08
-0.08 -0.12 -0.18 -0.12 -0.08
-0.08 -0.12 -0.12 -0.12 -0.08
-0.08 -0.08 -0.08 -0.08 -0.08

-0.08 -0.08 -0.08 -0.08 -0.08
-0.08 -0.12 -0.12 -0.12 -0.08
-0.08 -0.12 -0.18 -0.12 -0.08
-0.08 -0.12 -0.12 -0.12 -0.08
-0.08 -0.08 -0.08 -0.08 -0.08

-0.08 -0.08 -0.08 -0.08 -0.08
-0.08 -0.12 -0.12 -0.12 -0.08
-0.08 -0.12 -0.18 -0.12 -0.08
-0.08 -0.12 -0.12 -0.12 -0.08
-0.08 -0.08 -0.08 -0.08 -0.08

-0.08 -0.08 -0.08 -0.08 -0.08
-0.08 -0.12 -0.12 -0.12 -0.08
-0.08 -0.12 -0.18 -0.12 -0.08
-0.08 -0.12 -0.12 -0.12 -0.08
-0.08 -0.08 -0.08 -0.08 -0.08

-0.08 -0.08 -0.08 -0.08 -0.08
-0.08 -0.12 -0.12 -0.12 -0.08
-0.08 -0.12 -0.18 -0.12 -0.08
-0.08 -0.12 -0.12 -0.12 -0.08
-0.08 -0.08 -0.08 -0.08 -0.08

# Air <- Bark
-0.03 -0.03 -0.03 -0.03 -0.03
-0.03 -0.06 -0.06 -0.06 -0.03
-0.03 -0.06 -0.10 -0.06 -0.03
-0.03 -0.06 -0.06 -0.06 -0.03
-0.03 -0.03 -0.03 -0.03 -0.03

-0.03 -0.03 -0.03 -0.03 -0.03
-0.03 -0.06 -0.06 -0.06 -0.03
-0.03 -0.06 -0.10 -0.06 -0.03
-0.03 -0.06 -0.06 -0.06 -0.03
-0.03 -0.03 -0.03 -0.03 -0.03

-0.03 -0.03 -0.03 -0.03 -0.03
-0.03 -0.06 -0.06 -0.06 -0.03
-0.03 -0.06 -0.10 -0.06 -0.03
-0.03 -0.06 -0.06 -0.06 -0.03
-0.03 -0.03 -0.03 -0.03 -0.03

-0.03 -0.03 -0.03 -0.03 -0.03
-0.03 -0.06 -0.06 -0.06 -0.03
-0.03 -0.06 -0.10 -0.06 -0.03
-0.03 -0.06 -0.06 -0.06 -0.03
-0.03 -0.03 -0.03 -0.03 -0.03

-0.03 -0.03 -0.03 -0.03 -0.03
-0.03 -0.06 -0.06 -0.06 -0.03
-0.03 -0.06 -0.10 -0.06 -0.03
-0.03 -0.06 -0.06 -0.06 -0.03
-0.03 -0.03 -0.03 -0.03 -0.03

# =====================================================
# WRITE = TREE CORE (1)
# =====================================================

# Core <- Air
0.02 0.03 0.04 0.03 0.02
0.03 0.06 0.08 0.06 0.03
0.04 0.08 0.12 0.08 0.04
0.03 0.06 0.08 0.06 0.03
0.02 0.03 0.04 0.03 0.02

0.02 0.03 0.04 0.03 0.02
0.03 0.06 0.08 0.06 0.03
0.04 0.08 0.12 0.08 0.04
0.03 0.06 0.08 0.06 0.03
0.02 0.03 0.04 0.03 0.02

0.02 0.03 0.04 0.03 0.02
0.03 0.06 0.08 0.06 0.03
0.04 0.08 0.12 0.08 0.04
0.03 0.06 0.08 0.06 0.03
0.02 0.03 0.04 0.03 0.02

0.02 0.03 0.04 0.03 0.02
0.03 0.06 0.08 0.06 0.03
0.04 0.08 0.12 0.08 0.04
0.03 0.06 0.08 0.06 0.03
0.02 0.03 0.04 0.03 0.02

0.02 0.03 0.04 0.03 0.02
0.03 0.06 0.08 0.06 0.03
0.04 0.08 0.12 0.08 0.04
0.03 0.06 0.08 0.06 0.03
0.02 0.03 0.04 0.03 0.02

# Core <- Core
0.10 0.15 0.20 0.15 0.10
0.15 0.30 0.45 0.30 0.15
0.20 0.45 0.80 0.45 0.20
0.15 0.30 0.45 0.30 0.15
0.10 0.15 0.20 0.15 0.10

0.10 0.15 0.20 0.15 0.10
0.15 0.30 0.45 0.30 0.15
0.20 0.45 0.80 0.45 0.20
0.15 0.30 0.45 0.30 0.15
0.10 0.15 0.20 0.15 0.10

0.10 0.15 0.20 0.15 0.10
0.15 0.30 0.45 0.30 0.15
0.20 0.45 0.80 0.45 0.20
0.15 0.30 0.45 0.30 0.15
0.10 0.15 0.20 0.15 0.10

0.10 0.15 0.20 0.15 0.10
0.15 0.30 0.45 0.30 0.15
0.20 0.45 0.80 0.45 0.20
0.15 0.30 0.45 0.30 0.15
0.10 0.15 0.20 0.15 0.10

0.10 0.15 0.20 0.15 0.10
0.15 0.30 0.45 0.30 0.15
0.20 0.45 0.80 0.45 0.20
0.15 0.30 0.45 0.30 0.15
0.10 0.15 0.20 0.15 0.10

# Core <- Leaf
-0.02 -0.03 -0.04 -0.03 -0.02
-0.03 -0.06 -0.08 -0.06 -0.03
-0.04 -0.08 -0.12 -0.08 -0.04
-0.03 -0.06 -0.08 -0.06 -0.03
-0.02 -0.03 -0.04 -0.03 -0.02

-0.02 -0.03 -0.04 -0.03 -0.02
-0.03 -0.06 -0.08 -0.06 -0.03
-0.04 -0.08 -0.12 -0.08 -0.04
-0.03 -0.06 -0.08 -0.06 -0.03
-0.02 -0.03 -0.04 -0.03 -0.02

-0.02 -0.03 -0.04 -0.03 -0.02
-0.03 -0.06 -0.08 -0.06 -0.03
-0.04 -0.08 -0.12 -0.08 -0.04
-0.03 -0.06 -0.08 -0.06 -0.03
-0.02 -0.03 -0.04 -0.03 -0.02

-0.02 -0.03 -0.04 -0.03 -0.02
-0.03 -0.06 -0.08 -0.06 -0.03
-0.04 -0.08 -0.12 -0.08 -0.04
-0.03 -0.06 -0.08 -0.06 -0.03
-0.02 -0.03 -0.04 -0.03 -0.02

-0.02 -0.03 -0.04 -0.03 -0.02
-0.03 -0.06 -0.08 -0.06 -0.03
-0.04 -0.08 -0.12 -0.08 -0.04
-0.03 -0.06 -0.08 -0.06 -0.03
-0.02 -0.03 -0.04 -0.03 -0.02

# Core <- Bark
0.05 0.08 0.10 0.08 0.05
0.08 0.15 0.20 0.15 0.08
0.10 0.20 0.30 0.20 0.10
0.08 0.15 0.20 0.15 0.08
0.05 0.08 0.10 0.08 0.05

0.05 0.08 0.10 0.08 0.05
0.08 0.15 0.20 0.15 0.08
0.10 0.20 0.30 0.20 0.10
0.08 0.15 0.20 0.15 0.08
0.05 0.08 0.10 0.08 0.05

0.05 0.08 0.10 0.08 0.05
0.08 0.15 0.20 0.15 0.08
0.10 0.20 0.30 0.20 0.10
0.08 0.15 0.20 0.15 0.08
0.05 0.08 0.10 0.08 0.05

0.05 0.08 0.10 0.08 0.05
0.08 0.15 0.20 0.15 0.08
0.10 0.20 0.30 0.20 0.10
0.08 0.15 0.20 0.15 0.08
0.05 0.08 0.10 0.08 0.05

0.05 0.08 0.10 0.08 0.05
0.08 0.15 0.20 0.15 0.08
0.10 0.20 0.30 0.20 0.10
0.08 0.15 0.20 0.15 0.08
0.05 0.08 0.10 0.08 0.05

# =====================================================
# WRITE = LEAF (2)
# =====================================================

# Leaf <- Air
0.20 0.25 0.30 0.25 0.20
0.25 0.40 0.55 0.40 0.25
0.30 0.55 0.80 0.55 0.30
0.25 0.40 0.55 0.40 0.25
0.20 0.25 0.30 0.25 0.20

0.20 0.25 0.30 0.25 0.20
0.25 0.40 0.55 0.40 0.25
0.30 0.55 0.80 0.55 0.30
0.25 0.40 0.55 0.40 0.25
0.20 0.25 0.30 0.25 0.20

0.20 0.25 0.30 0.25 0.20
0.25 0.40 0.55 0.40 0.25
0.30 0.55 0.80 0.55 0.30
0.25 0.40 0.55 0.40 0.25
0.20 0.25 0.30 0.25 0.20

0.20 0.25 0.30 0.25 0.20
0.25 0.40 0.55 0.40 0.25
0.30 0.55 0.80 0.55 0.30
0.25 0.40 0.55 0.40 0.25
0.20 0.25 0.30 0.25 0.20

0.20 0.25 0.30 0.25 0.20
0.25 0.40 0.55 0.40 0.25
0.30 0.55 0.80 0.55 0.30
0.25 0.40 0.55 0.40 0.25
0.20 0.25 0.30 0.25 0.20

# Leaf <- Core
-0.10 -0.15 -0.20 -0.15 -0.10
-0.15 -0.25 -0.35 -0.25 -0.15
-0.20 -0.35 -0.50 -0.35 -0.20
-0.15 -0.25 -0.35 -0.25 -0.15
-0.10 -0.15 -0.20 -0.15 -0.10

-0.10 -0.15 -0.20 -0.15 -0.10
-0.15 -0.25 -0.35 -0.25 -0.15
-0.20 -0.35 -0.50 -0.35 -0.20
-0.15 -0.25 -0.35 -0.25 -0.15
-0.10 -0.15 -0.20 -0.15 -0.10

-0.10 -0.15 -0.20 -0.15 -0.10
-0.15 -0.25 -0.35 -0.25 -0.15
-0.20 -0.35 -0.50 -0.35 -0.20
-0.15 -0.25 -0.35 -0.25 -0.15
-0.10 -0.15 -0.20 -0.15 -0.10

-0.10 -0.15 -0.20 -0.15 -0.10
-0.15 -0.25 -0.35 -0.25 -0.15
-0.20 -0.35 -0.50 -0.35 -0.20
-0.15 -0.25 -0.35 -0.25 -0.15
-0.10 -0.15 -0.20 -0.15 -0.10

-0.10 -0.15 -0.20 -0.15 -0.10
-0.15 -0.25 -0.35 -0.25 -0.15
-0.20 -0.35 -0.50 -0.35 -0.20
-0.15 -0.25 -0.35 -0.25 -0.15
-0.10 -0.15 -0.20 -0.15 -0.10

# Leaf <- Leaf
0.05 0.08 0.10 0.08 0.05
0.08 0.12 0.16 0.12 0.08
0.10 0.16 0.22 0.16 0.10
0.08 0.12 0.16 0.12 0.08
0.05 0.08 0.10 0.08 0.05

0.05 0.08 0.10 0.08 0.05
0.08 0.12 0.16 0.12 0.08
0.10 0.16 0.22 0.16 0.10
0.08 0.12 0.16 0.12 0.08
0.05 0.08 0.10 0.08 0.05

0.05 0.08 0.10 0.08 0.05
0.08 0.12 0.16 0.12 0.08
0.10 0.16 0.22 0.16 0.10
0.08 0.12 0.16 0.12 0.08
0.05 0.08 0.10 0.08 0.05

0.05 0.08 0.10 0.08 0.05
0.08 0.12 0.16 0.12 0.08
0.10 0.16 0.22 0.16 0.10
0.08 0.12 0.16 0.12 0.08
0.05 0.08 0.10 0.08 0.05

0.05 0.08 0.10 0.08 0.05
0.08 0.12 0.16 0.12 0.08
0.10 0.16 0.22 0.16 0.10
0.08 0.12 0.16 0.12 0.08
0.05 0.08 0.10 0.08 0.05

# Leaf <- Bark
-0.05 -0.08 -0.10 -0.08 -0.05
-0.08 -0.12 -0.16 -0.12 -0.08
-0.10 -0.16 -0.22 -0.16 -0.10
-0.08 -0.12 -0.16 -0.12 -0.08
-0.05 -0.08 -0.10 -0.08 -0.05

-0.05 -0.08 -0.10 -0.08 -0.05
-0.08 -0.12 -0.16 -0.12 -0.08
-0.10 -0.16 -0.22 -0.16 -0.10
-0.08 -0.12 -0.16 -0.12 -0.08
-0.05 -0.08 -0.10 -0.08 -0.05

-0.05 -0.08 -0.10 -0.08 -0.05
-0.08 -0.12 -0.16 -0.12 -0.08
-0.10 -0.16 -0.22 -0.16 -0.10
-0.08 -0.12 -0.16 -0.12 -0.08
-0.05 -0.08 -0.10 -0.08 -0.05

-0.05 -0.08 -0.10 -0.08 -0.05
-0.08 -0.12 -0.16 -0.12 -0.08
-0.10 -0.16 -0.22 -0.16 -0.10
-0.08 -0.12 -0.16 -0.12 -0.08
-0.05 -0.08 -0.10 -0.08 -0.05

-0.05 -0.08 -0.10 -0.08 -0.05
-0.08 -0.12 -0.16 -0.12 -0.08
-0.10 -0.16 -0.22 -0.16 -0.10
-0.08 -0.12 -0.16 -0.12 -0.08
-0.05 -0.08 -0.10 -0.08 -0.05

# =====================================================
# WRITE = BARK (3)
# =====================================================

# Bark <- Air
0.05 0.06 0.08 0.06 0.05
0.06 0.10 0.14 0.10 0.06
0.08 0.14 0.20 0.14 0.08
0.06 0.10 0.14 0.10 0.06
0.05 0.06 0.08 0.06 0.05

0.05 0.06 0.08 0.06 0.05
0.06 0.10 0.14 0.10 0.06
0.08 0.14 0.20 0.14 0.08
0.06 0.10 0.14 0.10 0.06
0.05 0.06 0.08 0.06 0.05

0.05 0.06 0.08 0.06 0.05
0.06 0.10 0.14 0.10 0.06
0.08 0.14 0.20 0.14 0.08
0.06 0.10 0.14 0.10 0.06
0.05 0.06 0.08 0.06 0.05

0.05 0.06 0.08 0.06 0.05
0.06 0.10 0.14 0.10 0.06
0.08 0.14 0.20 0.14 0.08
0.06 0.10 0.14 0.10 0.06
0.05 0.06 0.08 0.06 0.05

0.05 0.06 0.08 0.06 0.05
0.06 0.10 0.14 0.10 0.06
0.08 0.14 0.20 0.14 0.08
0.06 0.10 0.14 0.10 0.06
0.05 0.06 0.08 0.06 0.05

# Bark <- Core
0.10 0.15 0.20 0.15 0.10
0.15 0.30 0.40 0.30 0.15
0.20 0.40 0.60 0.40 0.20
0.15 0.30 0.40 0.30 0.15
0.10 0.15 0.20 0.15 0.10

0.10 0.15 0.20 0.15 0.10
0.15 0.30 0.40 0.30 0.15
0.20 0.40 0.60 0.40 0.20
0.15 0.30 0.40 0.30 0.15
0.10 0.15 0.20 0.15 0.10

0.10 0.15 0.20 0.15 0.10
0.15 0.30 0.40 0.30 0.15
0.20 0.40 0.60 0.40 0.20
0.15 0.30 0.40 0.30 0.15
0.10 0.15 0.20 0.15 0.10

0.10 0.15 0.20 0.15 0.10
0.15 0.30 0.40 0.30 0.15
0.20 0.40 0.60 0.40 0.20
0.15 0.30 0.40 0.30 0.15
0.10 0.15 0.20 0.15 0.10

0.10 0.15 0.20 0.15 0.10
0.15 0.30 0.40 0.30 0.15
0.20 0.40 0.60 0.40 0.20
0.15 0.30 0.40 0.30 0.15
0.10 0.15 0.20 0.15 0.10

# Bark <- Leaf
-0.05 -0.06 -0.08 -0.06 -0.05
-0.06 -0.10 -0.14 -0.10 -0.06
-0.08 -0.14 -0.20 -0.14 -0.08
-0.06 -0.10 -0.14 -0.10 -0.06
-0.05 -0.06 -0.08 -0.06 -0.05

-0.05 -0.06 -0.08 -0.06 -0.05
-0.06 -0.10 -0.14 -0.10 -0.06
-0.08 -0.14 -0.20 -0.14 -0.08
-0.06 -0.10 -0.14 -0.10 -0.06
-0.05 -0.06 -0.08 -0.06 -0.05

-0.05 -0.06 -0.08 -0.06 -0.05
-0.06 -0.10 -0.14 -0.10 -0.06
-0.08 -0.14 -0.20 -0.14 -0.08
-0.06 -0.10 -0.14 -0.10 -0.06
-0.05 -0.06 -0.08 -0.06 -0.05

-0.05 -0.06 -0.08 -0.06 -0.05
-0.06 -0.10 -0.14 -0.10 -0.06
-0.08 -0.14 -0.20 -0.14 -0.08
-0.06 -0.10 -0.14 -0.10 -0.06
-0.05 -0.06 -0.08 -0.06 -0.05

-0.05 -0.06 -0.08 -0.06 -0.05
-0.06 -0.10 -0.14 -0.10 -0.06
-0.08 -0.14 -0.20 -0.14 -0.08
-0.06 -0.10 -0.14 -0.10 -0.06
-0.05 -0.06 -0.08 -0.06 -0.05

# Bark <- Bark
0.05 0.08 0.10 0.08 0.05
0.08 0.12 0.16 0.12 0.08
0.10 0.16 0.22 0.16 0.10
0.08 0.12 0.16 0.12 0.08
0.05 0.08 0.10 0.08 0.05

0.05 0.08 0.10 0.08 0.05
0.08 0.12 0.16 0.12 0.08
0.10 0.16 0.22 0.16 0.10
0.08 0.12 0.16 0.12 0.08
0.05 0.08 0.10 0.08 0.05

0.05 0.08 0.10 0.08 0.05
0.08 0.12 0.16 0.12 0.08
0.10 0.16 0.22 0.16 0.10
0.08 0.12 0.16 0.12 0.08
0.05 0.08 0.10 0.08 0.05

0.05 0.08 0.10 0.08 0.05
0.08 0.12 0.16 0.12 0.08
0.10 0.16 0.22 0.16 0.10
0.08 0.12 0.16 0.12 0.08
0.05 0.08 0.10 0.08 0.05

0.05 0.08 0.10 0.08 0.05
0.08 0.12 0.16 0.12 0.08
0.10 0.16 0.22 0.16 0.10
0.08 0.12 0.16 0.12 0.08
0.05 0.08 0.10 0.08 0.05